# 验证码列表 - 共 1000 条
# 生成时间: 2026-03-30T19:02:55.912Z
# 以#开头的行为注释
# 每行一个6位数字验证码
# 已使用的验证码将被删除或标记

486184
009185
473010
225024
666909
537589
708447
929579
580371
118644
346272
214255
079188
567768
074504
834000
389568
553813
672353
727541
985124
572346
737497
453107
245681
476672
065316
337977
135781
278149
817636
814271
247902
831096
164411
819196
037939
483480
203836
705223
792517
850407
273300
867016
331412
270579
092499
890905
913746
544792
982095
781807
554807
165442
563451
959202
566207
585353
819280
107188
786627
613435
134484
662726
298248
880484
118966
438896
810658
028454
052510
330695
656764
817231
911716
640310
690612
783116
711940
132543
262846
977948
767682
684729
103408
029452
227026
530446
636092
040735
675594
876091
728737
082012
206208
960457
084561
073273
565013
581414
038201
032648
306238
723340
708429
082771
637603
721330
116692
246959
294051
510280
559285
110151
952262
706483
854008
749737
517928
382288
027642
598177
372373
629317
769473
420363
296367
468014
436988
121963
176540
981095
345354
561681
288014
988085
615441
301014
847738
723108
026485
391580
371485
070591
388720
373288
778945
312148
359763
136850
034258
424211
376279
455453
834564
250991
562176
556954
388778
385391
371737
368879
595502
518742
215035
661689
259925
097931
885806
044384
141961
515022
461376
350612
330143
784969
834236
973219
058174
124434
574659
565830
433728
880977
433714
474031
429092
027686
760246
177763
260080
129819
982063
901214
934188
822604
702589
369562
073615
719269
025504
068794
369588
021791
117309
749777
626740
751231
197650
448025
401102
997942
261083
120020
134604
954251
943012
045647
832489
081941
076541
705887
747634
686492
766406
856374
802623
394015
435483
668571
849755
324924
224451
742098
188896
700122
047559
896371
473681
106448
710248
782614
468709
386348
774171
952231
957915
424407
688136
501569
428588
597922
490587
285346
747388
164132
297648
895661
986705
689185
816227
038386
496820
032848
987442
379020
639209
766237
104499
211657
005761
258403
167341
305406
221588
123571
756487
194784
499864
965895
222419
703780
925852
880833
372130
418016
935035
108835
737874
559420
200282
517875
999670
973062
724179
803108
149634
821539
813003
912731
206566
562343
737969
978250
494630
004054
816804
600311
395612
193557
356934
101985
202210
222917
470514
079885
952700
764026
983405
346102
455989
998330
956418
260579
797897
860033
564685
463784
232457
950496
718050
369030
344252
816935
268852
055624
493762
230475
746660
819139
026271
278841
343615
104430
898968
394652
879356
299851
740419
657819
268804
629511
235771
920957
846290
471029
585406
434584
314896
467593
057467
153061
583631
931474
841100
867828
228868
144938
074666
012610
289384
693281
941982
838896
993474
591592
284969
032513
344524
161918
896523
020958
616432
431328
157745
563804
893961
619022
449394
061831
650730
672405
524235
253726
975451
507406
187279
464388
740060
720626
987975
352427
835620
748412
066524
101528
659677
929023
735627
160234
119285
318137
103967
007395
366969
156806
044241
408658
088433
548154
914454
829213
060757
958407
186397
809869
379195
169301
258849
770465
491762
741102
471965
663972
175796
845619
910606
062544
341804
902799
836027
573357
181703
896655
236712
354344
774360
476279
915924
423816
576674
509951
935528
573362
207575
250903
734483
371586
434274
315533
719688
336627
209622
135105
232631
229141
029594
802779
925152
339060
206737
415232
752762
902242
345641
248318
536951
325854
932341
475811
506273
558911
357202
402946
060543
342734
717698
213496
693764
453833
217358
740836
793913
920759
972015
899410
549466
475381
512610
793917
954602
725647
667488
583113
488452
310913
501774
244177
034050
531489
372574
036894
372182
821137
747003
521639
844054
286225
511950
795910
760544
453746
575150
684100
561455
964243
292077
129669
811125
598113
383183
737037
853994
637508
397790
508615
539173
999819
658746
877466
278208
078420
089663
227624
414615
128683
443405
204587
541952
459099
590104
496645
720971
416751
961842
723587
221532
236382
499332
460086
625426
012886
214041
367085
284314
517307
167015
116341
604695
984470
573694
686639
584204
691544
733138
934917
798636
211859
666619
891187
446343
097655
088641
695751
733864
962280
328367
382160
176638
770131
303147
852085
009638
239642
247530
984221
750310
700854
055198
149311
249045
844340
468026
089211
257990
316525
519491
612779
305981
761816
459759
849300
464101
683155
744255
391438
914463
221319
895473
783575
201078
458021
887878
128101
228720
087719
886817
209985
734471
696405
313692
823006
629415
412497
041852
911389
837982
459205
047201
677832
245502
111467
110434
144372
248975
326231
711662
309348
922707
225982
376658
496710
931402
191307
611797
582731
089352
376440
773700
931527
603896
575410
016165
967383
033191
501821
338085
788151
560861
425703
477838
085371
891137
693624
593203
886060
966680
519223
156946
159875
570717
626792
482799
867911
277503
326426
542894
081310
778541
926907
933320
079454
657334
789993
777386
228522
833876
497867
998186
759053
732025
111818
465705
165706
810932
600561
666700
619664
494990
553145
752453
732473
803737
399498
916261
412822
919853
893009
892608
955463
684414
724011
057222
803297
056208
404837
614805
637621
255178
280270
680677
163453
502415
413156
190244
735796
285957
713447
721542
560657
313038
195511
019382
490845
091542
698849
559831
395337
645562
763791
625725
887161
828973
313755
893567
387612
906251
308246
194092
521941
503960
132112
265183
184205
655324
720027
007020
995590
180897
451643
919248
682354
213287
906875
297864
757819
738715
699192
273930
685195
947429
362189
795794
485507
597665
862410
873218
792808
643574
192336
688419
805224
072774
918331
014043
462855
957047
690408
416941
855949
346750
879109
864428
810453
290878
695517
123067
559203
620474
472089
334226
371274
000845
348919
536254
462946
348932
548744
629233
754952
935032
024953
850845
033026
768545
204543
962820
112064
636583
139586
329451
381016
027774
932172
880556
212615
819311
440052
834105
488088
568738
147846
043737
405504
803488
259584
627145
422467
909592
581672
418693
218269
686587
376819
832824
106225
742129
804035
007513
237041
835984
673666
253255
239812
194463
027670
405379
260479
069522
616299
881867
914491
092657
770057
081265
852570
912623
903818
812986
112547
374361
139435
290376
368462
217538
652936
163214
998281
834802
232256
169387
698946
636895
090042
478634
699997
345151
822269
694968
741889
255774
626960
648258
473557
339557
943074
840239
055857
831456
218231
512216
837370
717548
655304
771421
351932
346123
359448
398984
254752
636289
705870
203187
498705
765363
300439
207714
731956
252977
559320
206454
988793
375961
533538
598330
470920
677996
395993
827620
368070
472256
930875
276611
076911
090124
919866
191451
603261
824714
476653
648209
977786
533301
858884
845752
176823
070581
774846
528068
108946
025733
957389
080146
984476
617060
788276
249059
116010
551790
389132
929651
940835
158918
434743
332492
913062
573176
986669
406988
885525
438640
351345
183727
135556
944139
081697
923869
311251
813914
606529
316065
596180
349839
016783
581262
321802
839385
749344
583491
349756
